  2.0000000e+000  1.0000000e+000  1.0900000e+001  9.0000000e-001  8.1200000e+000  2.6560000e+001  8.9900000e+000  1.6100000e+000  5.4000000e-002  1.1000000e-002  4.8000000e-001  5.1000000e-002  1.2000000e-002  1.0000000e+000
  1.1000000e+001  3.0000000e+000  2.2600000e+001  1.2000000e+000  8.2400000e+000  2.6130000e+001  6.9000000e+000  1.8900000e+000  5.3400000e-002  1.4900000e-002  2.2300000e-001  1.5000000e-002  5.5000000e+000  4.0000000e+000
  6.0000000e+000  1.0000000e+000  2.4400000e+001  7.0000000e-001  7.8200000e+000  3.2680000e+001  8.4800000e+000  9.8000000e-001  2.0500000e-002  1.1700000e-002  8.0000000e-002  9.4000000e-002  7.5300000e-002  2.0000000e+000
  3.0000000e+000  1.0000000e+000  1.4400000e+001  5.0000000e-001  7.9700000e+000  2.9470000e+001  8.9200000e+000  8.1000000e-001  2.1200000e-002  4.3000000e-003  2.9400000e-001  1.1000000e-002  5.0900000e-002  1.0000000e+000
  1.2000000e+001  2.0000000e+000  1.5800000e+001  7.0000000e-001  8.0400000e+000  2.7059000e+001  8.0600000e+000  8.5500000e-001  1.1500000e-001  5.0500000e-002  5.0200000e-001  1.1200000e-001  4.5000000e-003  1.0000000e+000
  1.0000000e+000  2.0000000e+000  1.3800000e+001  1.3000000e+000  7.9900000e+000  2.7776000e+001  7.6700000e+000  7.7000000e-001  6.9700000e-002  1.9800000e-002  5.6800000e-001  9.8600000e-002  2.5100000e-002  1.0000000e+000
  9.0000000e+000  2.0000000e+000  2.9200000e+001  7.0000000e-001  7.8100000e+000  3.0327000e+001  5.5800000e+000  5.2000000e-001  4.5000000e-002  7.5900000e-002  2.4000000e-001  4.3400000e-002  9.6000000e-003  1.0000000e+000
  9.0000000e+000  1.0000000e+000  2.9000000e+001  1.1000000e+000  7.9500000e+000  3.1190000e+001  5.2000000e+000  7.0000000e-001  3.6000000e-002  1.1000000e-002  9.1000000e-002  1.2000000e-002  1.3000000e-002  1.0000000e+000
  6.0000000e+000  2.0000000e+000  2.4600000e+001  1.4000000e+000  7.9600000e+000  3.0997000e+001  6.4800000e+000  5.6000000e-001  3.3700000e-002  1.0900000e-001  2.0200000e-001  7.4000000e-002  4.6000000e-003  2.0000000e+000
  1.1000000e+001  2.0000000e+000  2.1800000e+001  9.0000000e-001  7.9100000e+000  2.8428000e+001  6.1400000e+000  5.9200000e-001  7.7000000e-002  6.8600000e-002  5.3000000e-001  8.0000000e-002  7.9000000e-003  1.0000000e+000
  1.0000000e+000  2.0000000e+000  1.1200000e+001  1.3000000e+000  8.0900000e+000  2.7440000e+001  9.2200000e+000  5.9000000e-001  4.5000000e-002  9.8000000e-003  5.8200000e-001  3.6100000e-002  1.9900000e-002  1.0000000e+000
  1.0000000e+000  1.0000000e+000  1.5000000e+001  1.1000000e+000  8.0800000e+000  2.8140000e+001  7.7300000e+000  3.9000000e-001  4.3000000e-002  1.2000000e-002  4.5600000e-001  2.7000000e-002  1.1000000e-002  1.0000000e+000
  4.0000000e+000  3.0000000e+000  1.6200000e+001  1.2000000e+000  8.2900000e+000  3.1630000e+001  8.0700000e+000  1.5600000e+000  3.4200000e-002  1.5900000e-002  4.0200000e-001  5.0000000e-003  2.6500000e-002  1.0000000e+000
  1.1000000e+001  3.0000000e+000  2.3000000e+001  1.0000000e+000  8.2900000e+000  2.4410000e+001  6.3800000e+000  8.2000000e-001  6.7500000e-002  3.4000000e-002  3.1600000e-001  3.2000000e-002  1.2700000e+001  4.0000000e+000
  8.0000000e+000  2.0000000e+000  2.8700000e+001  9.0000000e-001  7.9500000e+000  2.7749000e+001  6.1500000e+000  4.9000000e-001  3.8000000e-002  4.2400000e-002  2.4100000e-001  2.5500000e-002  1.5100000e-002  2.0000000e+000
  4.0000000e+000  1.0000000e+000  1.6400000e+001  5.0000000e-001  8.0800000e+000  2.8650000e+001  8.0800000e+000  1.6900000e+000  3.0000000e-002  1.8000000e-002  4.6600000e-001  4.3000000e-002  1.2000000e-002  1.0000000e+000
  6.0000000e+000  1.0000000e+000  2.5000000e+001  3.0000000e-001  7.8600000e+000  3.0130000e+001  9.2000000e+000  1.0600000e+000  2.9700000e-002  1.2600000e-002  1.4600000e-001  1.1100000e-001  6.7800000e-002  2.0000000e+000
  3.0000000e+000  2.0000000e+000  1.4600000e+001  1.2000000e+000  8.0000000e+000  2.9106000e+001  8.8000000e+000  5.5800000e-001  4.9000000e-002  1.7000000e-002  5.6000000e-001  1.0000000e-001  7.6400000e-002  1.0000000e+000
  1.0000000e+000  1.0000000e+000  1.4200000e+001  9.0000000e-001  8.0900000e+000  2.7930000e+001  8.0400000e+000  6.4000000e-001  6.2000000e-002  1.9000000e-002  5.4500000e-001  2.3000000e-002  1.3000000e-002  1.0000000e+000
  5.0000000e+000  2.0000000e+000  2.1000000e+001  7.0000000e-001  8.0500000e+000  2.8990000e+001  7.2000000e+000  9.3700000e-001  4.6000000e-002  2.5400000e-002  2.9800000e-001  1.2900000e-001  1.3600000e-002  1.0000000e+000
  8.0000000e+000  1.0000000e+000  2.8600000e+001  1.2000000e+000  7.9500000e+000  3.2860000e+001  7.1500000e+000  1.7800000e+000  2.7000000e-003  1.2000000e-003  8.3000000e-002  1.0000000e-003  6.7400000e-002  2.0000000e+000
  4.0000000e+000  1.0000000e+000  1.6300000e+001  5.0000000e-001  8.0300000e+000  3.1440000e+001  7.7200000e+000  1.5400000e+000  2.9800000e-002  6.1000000e-003  1.1400000e-001  4.1000000e-002  4.5200000e-002  1.0000000e+000
  3.0000000e+000  2.0000000e+000  1.3800000e+001  7.0000000e-001  8.1200000e+000  2.9437000e+001  8.7000000e+000  5.2000000e-001  3.4000000e-002  9.5000000e-003  3.4400000e-001  4.3000000e-002  7.9000000e-003  1.0000000e+000
  1.1000000e+001  2.0000000e+000  2.2200000e+001  7.0000000e-001  8.0700000e+000  2.8640000e+001  6.9900000e+000  5.1200000e-001  4.5000000e-002  1.9300000e-002  4.6100000e-001  9.9600000e-003  6.8000000e-003  1.0000000e+000
  3.0000000e+000  2.0000000e+000  1.4800000e+001  1.5000000e+000  8.0100000e+000  2.9002000e+001  8.7900000e+000  5.1000000e-001  3.5000000e-002  1.5000000e-002  4.4000000e-001  9.8000000e-002  1.3500000e-001  1.0000000e+000
  6.0000000e+000  1.0000000e+000  2.5200000e+001  1.0000000e+000  8.0600000e+000  3.0960000e+001  5.5000000e+000  5.0000000e-001  3.4000000e-002  5.6000000e-002  1.9400000e-001  5.4000000e-002  1.0000000e-002  4.0000000e+000
  5.0000000e+000  1.0000000e+000  2.1000000e+001  8.0000000e-001  7.8800000e+000  2.5710000e+001  6.5800000e+000  5.2000000e-001  1.3000000e-002  3.1000000e-002  2.5600000e-001  4.7000000e-002  2.3000000e-002  1.0000000e+000
  5.0000000e+000  1.0000000e+000  2.1600000e+001  8.0000000e-001  8.1600000e+000  3.0950000e+001  1.2150000e+001  1.2300000e+000  1.1600000e-002  1.1000000e-002  5.0900000e-001  1.8000000e-002  6.4200000e-002  1.0000000e+000
  8.0000000e+000  3.0000000e+000  2.9900000e+001  1.5000000e+000  8.2300000e+000  1.7570000e+001  6.5800000e+000  1.8200000e+000  3.3600000e-002  3.9100000e-002  4.0400000e-001  7.0000000e-003  6.7400000e+001  3.0000000e+000
  6.0000000e+000  2.0000000e+000  2.3400000e+001  1.4000000e+000  8.1200000e+000  2.7137000e+001  8.7500000e+000  1.2700000e+000  3.0000000e-002  4.3000000e-002  8.2000000e-001  1.8000000e-002  5.2000000e-002  1.0000000e+000
  3.0000000e+000  3.0000000e+000  1.3600000e+001  5.0000000e-001  8.1000000e+000  2.6540000e+001  9.3000000e+000  3.1000000e-001  3.7300000e-002  6.4000000e-003  3.2300000e-001  1.2000000e-002  3.5800000e-002  1.0000000e+000
  1.1000000e+001  2.0000000e+000  2.2200000e+001  7.0000000e-001  8.0500000e+000  2.8611000e+001  6.8900000e+000  5.4400000e-001  4.6000000e-002  2.5200000e-002  4.6700000e-001  1.1200000e-002  6.2000000e-003  1.0000000e+000
  8.0000000e+000  2.0000000e+000  2.9400000e+001  1.4000000e+000  7.9800000e+000  2.7065000e+001  6.1900000e+000  6.9000000e-001  3.2000000e-002  4.5000000e-002  2.5300000e-001  2.0500000e-002  1.8000000e-002  2.0000000e+000
  3.0000000e+000  2.0000000e+000  1.8200000e+001  1.8000000e+000  8.0000000e+000  2.9617000e+001  8.3600000e+000  4.3000000e-001  4.5000000e-002  1.3000000e-002  3.0000000e-001  6.5000000e-002  8.7000000e-002  1.0000000e+000
  4.0000000e+000  1.0000000e+000  1.6100000e+001  7.0000000e-001  8.0900000e+000  2.9610000e+001  8.2600000e+000  1.2600000e+000  2.7000000e-002  1.6000000e-002  4.0800000e-001  4.6000000e-002  1.2000000e-002  1.0000000e+000
  5.0000000e+000  3.0000000e+000  1.9700000e+001  1.2000000e+000  7.9900000e+000  3.2700000e+001  8.5900000e+000  2.8200000e+000  1.1600000e-002  1.5300000e-002  4.9700000e-001  1.5000000e-002  8.5400000e-002  2.0000000e+000
  2.0000000e+000  1.0000000e+000  1.0200000e+001  8.0000000e-001  8.1000000e+000  2.8000000e+001  9.4600000e+000  4.8000000e-001  4.4000000e-002  8.0000000e-003  4.4500000e-001  3.6000000e-002  9.0000000e-003  1.0000000e+000
  3.0000000e+000  1.0000000e+000  1.5300000e+001  5.0000000e-001  8.0500000e+000  2.3000000e+001  8.3400000e+000  1.0600000e+000  3.0000000e-002  1.0000000e-002  5.4000000e-001  3.7000000e-002  8.0000000e-003  1.0000000e+000
  1.1000000e+001  1.0000000e+000  2.5000000e+001  8.0000000e-001  7.9200000e+000  2.8800000e+001  6.0500000e+000  4.0000000e-001  5.6000000e-002  1.5000000e-002  1.9300000e-001  3.5000000e-002  1.1000000e-002  4.0000000e+000
  3.0000000e+000  1.0000000e+000  1.3100000e+001  6.0000000e-001  8.0600000e+000  3.0040000e+001  8.6700000e+000  6.4000000e-001  3.2000000e-002  1.1000000e-002  2.4100000e-001  2.9000000e-002  1.7000000e-002  1.0000000e+000
  4.0000000e+000  3.0000000e+000  1.5600000e+001  7.0000000e-001  7.8300000e+000  2.8410000e+001  8.3400000e+000  3.8000000e-001  5.5700000e-002  2.1600000e-002  5.0100000e-001  4.3000000e-002  4.0700000e-002  1.0000000e+000
  3.0000000e+000  1.0000000e+000  1.4100000e+001  1.0000000e+000  8.0600000e+000  2.9300000e+001  8.4500000e+000  8.8000000e-001  4.0000000e-002  6.0000000e-003  5.0200000e-001  3.3000000e-002  8.0000000e-003  1.0000000e+000
  8.0000000e+000  1.0000000e+000  2.9600000e+001  8.0000000e-001  7.9300000e+000  3.3140000e+001  5.6400000e+000  4.1000000e-001  3.9000000e-002  6.4000000e-002  8.0000000e-002  2.6000000e-002  1.5000000e-002  2.0000000e+000
  5.0000000e+000  3.0000000e+000  1.9500000e+001  1.1000000e+000  8.0000000e+000  3.1390000e+001  8.5200000e+000  3.1000000e+000  1.8100000e-002  1.8300000e-002  5.4000000e-001  1.4000000e-002  5.3700000e-002  2.0000000e+000
  1.1000000e+001  1.0000000e+000  2.4600000e+001  9.0000000e-001  7.8700000e+000  2.7990000e+001  5.2900000e+000  2.6000000e-001  6.6000000e-002  5.3000000e-002  2.9600000e-001  2.5000000e-002  1.2000000e-002  4.0000000e+000
  4.0000000e+000  3.0000000e+000  1.6700000e+001  1.2000000e+000  8.2500000e+000  3.0520000e+001  8.1400000e+000  1.7800000e+000  3.2200000e-002  1.5300000e-002  4.7200000e-001  4.0000000e-003  1.3300000e-002  1.0000000e+000
  3.0000000e+000  1.0000000e+000  1.3900000e+001  8.0000000e-001  8.0800000e+000  2.9180000e+001  8.4600000e+000  4.7000000e-001  3.3000000e-002  7.0000000e-003  3.4000000e-001  6.3000000e-002  1.2000000e-002  1.0000000e+000
  5.0000000e+000  1.0000000e+000  2.1100000e+001  1.0000000e+000  8.0400000e+000  2.5370000e+001  7.4600000e+000  1.0600000e+000  3.8000000e-002  3.6000000e-002  4.4600000e-001  5.5000000e-002  1.0000000e-002  1.0000000e+000
  8.0000000e+000  3.0000000e+000  2.8600000e+001  1.0000000e+000  7.6900000e+000  3.3570000e+001  7.4600000e+000  6.2000000e-001  2.3300000e-002  6.0700000e-002  1.5800000e-001  2.4000000e-002  6.0700000e-002  1.0000000e+000
  4.0000000e+000  2.0000000e+000  1.6600000e+001  1.3000000e+000  8.0000000e+000  2.9310000e+001  8.2400000e+000  5.4100000e-001  4.8000000e-002  2.2000000e-002  6.0000000e-001  1.2000000e-001  2.8600000e-002  1.0000000e+000
  5.0000000e+000  3.0000000e+000  1.9600000e+001  1.2000000e+000  7.9500000e+000  3.1230000e+001  8.4000000e+000  2.7600000e+000  3.7100000e-002  2.0600000e-002  6.5700000e-001  2.2000000e-002  5.3700000e-002  2.0000000e+000
  4.0000000e+000  2.0000000e+000  1.6400000e+001  1.1000000e+000  8.0000000e+000  2.9643000e+001  8.3900000e+000  4.9400000e-001  3.7000000e-002  2.0000000e-002  5.2000000e-001  1.1000000e-001  7.8400000e-002  1.0000000e+000
  1.0000000e+000  2.0000000e+000  1.5200000e+001  9.0000000e-001  7.9900000e+000  2.8135000e+001  8.1000000e+000  5.3000000e-001  6.2300000e-002  1.9000000e-002  6.7200000e-001  4.9100000e-002  9.8000000e-003  1.0000000e+000
  9.0000000e+000  1.0000000e+000  2.9400000e+001  1.1000000e+000  7.9400000e+000  3.1250000e+001  5.3300000e+000  5.2000000e-001  3.9000000e-002  2.3000000e-002  1.1000000e-001  1.0000000e-002  1.2000000e-002  1.0000000e+000
  1.0000000e+000  1.0000000e+000  1.3900000e+001  7.0000000e-001  8.0500000e+000  2.7010000e+001  8.1000000e+000  5.6000000e-001  1.0200000e-001  2.5000000e-002  5.0400000e-001  2.0000000e-002  1.2000000e-002  1.0000000e+000
  1.0000000e+001  3.0000000e+000  2.4200000e+001  7.0000000e-001  8.1200000e+000  2.5030000e+001  7.0800000e+000  5.6000000e-001  4.2800000e-002  2.2100000e-002  3.3200000e-001  1.4000000e-002  1.3000000e+001  1.0000000e+000
  3.0000000e+000  1.0000000e+000  1.3400000e+001  7.0000000e-001  8.0800000e+000  2.8970000e+001  8.7000000e+000  1.4400000e+000  2.9000000e-002  1.0000000e-002  4.0800000e-001  4.5000000e-002  1.4000000e-002  1.0000000e+000
  8.0000000e+000  1.0000000e+000  2.9700000e+001  6.0000000e-001  7.9500000e+000  3.2770000e+001  5.0100000e+000  4.4000000e-001  4.3000000e-002  8.7000000e-002  5.9000000e-002  7.4000000e-002  3.3000000e-002  2.0000000e+000
  2.0000000e+000  1.0000000e+000  1.0400000e+001  7.0000000e-001  8.0600000e+000  2.7180000e+001  9.3400000e+000  5.8000000e-001  6.7000000e-002  1.0000000e-002  4.7200000e-001  3.1000000e-002  1.0000000e-002  1.0000000e+000
  4.0000000e+000  2.0000000e+000  1.7200000e+001  7.0000000e-001  7.9400000e+000  2.8618000e+001  7.9100000e+000  6.2100000e-001  5.2000000e-002  2.0000000e-002  5.4000000e-001  1.3000000e-001  1.1700000e-002  1.0000000e+000
  3.0000000e+000  1.0000000e+000  1.3000000e+001  5.0000000e-001  8.0400000e+000  2.9740000e+001  8.5900000e+000  9.7000000e-001  4.1000000e-002  1.0000000e-002  3.6700000e-001  5.2000000e-002  1.0000000e-002  1.0000000e+000
  4.0000000e+000  3.0000000e+000  1.6300000e+001  1.0000000e+000  8.2700000e+000  3.3160000e+001  8.1400000e+000  1.7700000e+000  2.3500000e-002  1.8200000e-002  3.4900000e-001  6.0000000e-003  2.2100000e-002  1.0000000e+000
  3.0000000e+000  1.0000000e+000  1.3300000e+001  6.0000000e-001  8.0700000e+000  2.9610000e+001  8.8800000e+000  4.7000000e-001  3.3000000e-002  1.1000000e-002  1.6100000e-001  4.0000000e-003  1.2000000e-002  1.0000000e+000
  6.0000000e+000  2.0000000e+000  2.5200000e+001  8.0000000e-001  7.8600000e+000  2.9898000e+001  6.0300000e+000  7.2000000e-001  5.7300000e-002  1.3500000e-001  2.5200000e-001  9.8400000e-002  2.1000000e-002  2.0000000e+000
  4.0000000e+000  3.0000000e+000  1.4200000e+001  5.0000000e-001  7.8800000e+000  2.9470000e+001  8.7400000e+000  2.4000000e-001  3.5100000e-002  1.0400000e-002  6.7600000e-001  2.4000000e-002  1.4240000e-001  1.0000000e+000
  1.2000000e+001  1.0000000e+000  1.7400000e+001  7.0000000e-001  8.0800000e+000  2.8550000e+001  7.5700000e+000  4.6000000e-001  5.5000000e-002  2.0000000e-002  3.7400000e-001  6.0000000e-003  1.4000000e-002  3.0000000e+000
  7.0000000e+000  1.0000000e+000  2.9000000e+001  9.0000000e-001  7.9200000e+000  2.7510000e+001  5.3500000e+000  5.6000000e-001  3.8000000e-002  2.4000000e-002  2.1800000e-001  3.8000000e-002  1.3000000e-002  3.0000000e+000
  7.0000000e+000  1.0000000e+000  2.6400000e+001  1.0000000e+000  8.0000000e+000  3.2410000e+001  5.1200000e+000  4.9000000e-001  2.6000000e-002  3.0000000e-002  1.0300000e-001  3.2000000e-002  1.1000000e-002  3.0000000e+000
  2.0000000e+000  2.0000000e+000  1.0580000e+001  6.5000000e-001  8.1600000e+000  2.6840000e+001  9.5500000e+000  7.1000000e-001  3.7000000e-002  1.1000000e-002  4.7200000e-001  4.7000000e-002  1.0100000e-002  1.0000000e+000
  1.2000000e+001  1.0000000e+000  1.6800000e+001  6.0000000e-001  8.0200000e+000  2.4700000e+001  7.3400000e+000  4.4000000e-001  6.7000000e-002  2.8000000e-002  4.9900000e-001  6.0000000e-003  1.7000000e-002  3.0000000e+000
  5.0000000e+000  1.0000000e+000  2.0400000e+001  1.1000000e+000  8.0400000e+000  2.9190000e+001  7.0600000e+000  3.4000000e-001  1.1000000e-002  4.0000000e-002  1.8700000e-001  3.2000000e-002  1.7000000e-002  1.0000000e+000
  3.0000000e+000  1.0000000e+000  1.3300000e+001  8.0000000e-001  8.1300000e+000  2.9320000e+001  9.1200000e+000  4.7000000e-001  1.9000000e-002  8.0000000e-003  3.1400000e-001  5.7000000e-002  1.2000000e-002  1.0000000e+000
  6.0000000e+000  1.0000000e+000  2.5500000e+001  1.0000000e+000  7.9500000e+000  2.7810000e+001  5.3600000e+000  7.4000000e-001  3.9000000e-002  7.0000000e-002  2.0500000e-001  5.7000000e-002  1.2000000e-002  4.0000000e+000
  1.2000000e+001  1.0000000e+000  1.6000000e+001  8.0000000e-001  8.0000000e+000  2.7150000e+001  7.3600000e+000  5.2000000e-001  9.0000000e-002  3.8000000e-002  4.8300000e-001  5.0000000e-003  1.1000000e-002  3.0000000e+000
  7.0000000e+000  2.0000000e+000  2.6000000e+001  1.3000000e+000  7.9900000e+000  3.2644000e+001  5.6000000e+000  3.1000000e-001  3.0000000e-002  6.0800000e-002  1.2400000e-001  2.6700000e-002  9.2000000e-003  2.0000000e+000
  8.0000000e+000  2.0000000e+000  2.7800000e+001  1.0000000e+000  7.9900000e+000  2.9668000e+001  5.7600000e+000  5.0000000e-001  3.3000000e-002  3.1400000e-002  2.2800000e-001  2.9800000e-002  8.0000000e-003  2.0000000e+000
  1.0000000e+000  2.0000000e+000  1.4200000e+001  8.0000000e-001  8.0800000e+000  2.8671000e+001  8.2800000e+000  7.0000000e-001  5.4000000e-002  1.6500000e-002  5.3800000e-001  4.2300000e-002  1.0000000e-002  1.0000000e+000
  4.0000000e+000  3.0000000e+000  1.6300000e+001  1.0000000e+000  8.3200000e+000  3.1770000e+001  8.0600000e+000  1.5100000e+000  3.3900000e-002  1.7000000e-002  3.8800000e-001  3.0000000e-003  1.7700000e-002  1.0000000e+000
  6.0000000e+000  2.0000000e+000  2.4600000e+001  1.0000000e+000  7.9400000e+000  3.0652000e+001  6.5300000e+000  5.7000000e-001  3.6400000e-002  1.2100000e-001  1.9000000e-001  6.6400000e-002  7.7000000e-003  2.0000000e+000
  4.0000000e+000  1.0000000e+000  2.0300000e+001  1.2000000e+000  8.1800000e+000  2.8730000e+001  7.9400000e+000  4.6000000e-001  1.5000000e-002  2.1000000e-002  2.5200000e-001  2.7000000e-002  1.5000000e-002  1.0000000e+000
  8.0000000e+000  3.0000000e+000  3.1100000e+001  1.2000000e+000  7.5600000e+000  3.1430000e+001  7.2100000e+000  3.2000000e-001  4.5200000e-002  9.5100000e-002  3.2500000e-001  1.1200000e-001  6.5200000e-002  1.0000000e+000
  3.0000000e+000  1.0000000e+000  1.3300000e+001  8.0000000e-001  8.0900000e+000  2.9430000e+001  9.2200000e+000  3.8000000e-001  3.3000000e-002  9.0000000e-003  3.7000000e-001  6.1000000e-002  1.0000000e-002  1.0000000e+000
  3.0000000e+000  1.0000000e+000  1.5200000e+001  1.2000000e+000  7.9200000e+000  2.9300000e+001  8.8400000e+000  1.7500000e+000  4.5100000e-002  8.8000000e-003  3.2800000e-001  7.0000000e-003  3.5800000e-002  1.0000000e+000
  3.0000000e+000  3.0000000e+000  1.2800000e+001  7.0000000e-001  8.1400000e+000  2.5390000e+001  8.7400000e+000  2.2000000e-001  4.0000000e-002  1.0100000e-002  3.1200000e-001  1.8000000e-002  4.7200000e-002  1.0000000e+000
  6.0000000e+000  2.0000000e+000  2.0300000e+001  2.5000000e+000  7.9900000e+000  2.9766000e+001  7.4100000e+000  5.8200000e-001  3.2000000e-002  4.2000000e-002  5.8000000e-001  5.3000000e-002  3.2200000e-002  1.0000000e+000
  5.0000000e+000  1.0000000e+000  2.0500000e+001  1.1000000e+000  7.8800000e+000  2.7490000e+001  6.9400000e+000  6.0000000e-001  1.2000000e-002  4.9000000e-002  2.2700000e-001  2.7000000e-002  1.1000000e-002  1.0000000e+000
  1.1000000e+001  1.0000000e+000  2.4600000e+001  8.0000000e-001  7.9000000e+000  2.8790000e+001  5.0100000e+000  3.0000000e-001  6.5000000e-002  2.1000000e-002  3.4600000e-001  2.6000000e-002  1.2000000e-002  4.0000000e+000
  4.0000000e+000  1.0000000e+000  1.9700000e+001  1.1000000e+000  8.1100000e+000  2.2110000e+001  8.1000000e+000  4.8000000e-001  2.1000000e-002  1.9000000e-002  3.3300000e-001  3.9000000e-002  1.3000000e-002  1.0000000e+000
  1.0000000e+001  3.0000000e+000  2.4000000e+001  7.0000000e-001  8.1500000e+000  2.5910000e+001  6.9600000e+000  5.3000000e-001  3.3400000e-002  1.1000000e-002  3.2700000e-001  2.6000000e-002  1.7400000e+001  1.0000000e+000
  4.0000000e+000  3.0000000e+000  1.6100000e+001  1.2000000e+000  8.2900000e+000  3.2480000e+001  8.1400000e+000  1.5700000e+000  3.1600000e-002  1.7500000e-002  4.0200000e-001  1.1000000e-002  6.6000000e-003  1.0000000e+000
  8.0000000e+000  2.0000000e+000  2.8700000e+001  1.6000000e+000  7.9400000e+000  2.4450000e+001  5.9900000e+000  7.9600000e-001  3.2000000e-002  4.6000000e-002  2.8600000e-001  3.0900000e-002  3.3300000e-002  2.0000000e+000
  5.0000000e+000  2.0000000e+000  2.0000000e+001  1.2000000e+000  8.1300000e+000  3.0206000e+001  7.2800000e+000  8.6600000e-001  2.8000000e-002  2.4400000e-002  2.2100000e-001  8.0200000e-002  3.5000000e-003  1.0000000e+000
  1.2000000e+001  3.0000000e+000  1.4100000e+001  8.0000000e-001  8.2900000e+000  2.6740000e+001  7.9600000e+000  2.2300000e+000  5.6800000e-002  1.9500000e-002  7.0000000e-001  8.3000000e-002  9.2400000e+001  4.0000000e+000
  1.0000000e+001  2.0000000e+000  2.5800000e+001  1.5000000e+000  7.9600000e+000  3.0134000e+001  6.0800000e+000  3.1000000e-001  3.6000000e-002  8.1100000e-003  2.6400000e-001  1.5800000e-002  1.5500000e-002  2.0000000e+000
  3.0000000e+000  2.0000000e+000  1.4500000e+001  1.2000000e+000  8.1000000e+000  2.8795000e+001  8.3200000e+000  7.0000000e-001  3.2000000e-002  8.6000000e-003  3.4500000e-001  5.4000000e-002  1.0800000e-002  1.0000000e+000
  3.0000000e+000  3.0000000e+000  1.5100000e+001  1.0000000e+000  8.1100000e+000  2.8050000e+001  9.0800000e+000  3.5000000e-001  4.1500000e-002  1.4200000e-002  3.1600000e-001  8.8000000e-002  5.4700000e-002  1.0000000e+000
  5.0000000e+000  2.0000000e+000  2.2200000e+001  2.0000000e+000  8.0300000e+000  2.9236000e+001  7.7800000e+000  5.6600000e-001  3.5000000e-002  4.1000000e-002  6.6000000e-001  3.6000000e-002  2.8700000e-002  1.0000000e+000
  1.2000000e+001  3.0000000e+000  1.4700000e+001  1.5000000e+000  8.3200000e+000  2.1170000e+001  7.6000000e+000  3.1200000e+000  4.5100000e-002  5.5000000e-003  6.1400000e-001  7.1000000e-002  6.4000000e+001  4.0000000e+000
  4.0000000e+000  3.0000000e+000  1.5900000e+001  9.0000000e-001  7.7100000e+000  2.5640000e+001  8.4200000e+000  7.8000000e-001  4.9100000e-002  2.4800000e-002  4.4100000e-001  1.0600000e-001  8.5900000e-002  1.0000000e+000
  1.0000000e+001  1.0000000e+000  2.6000000e+001  8.0000000e-001  7.8600000e+000  2.9340000e+001  4.6700000e+000  1.3000000e-001  2.1000000e-002  1.9000000e-002  2.8800000e-001  1.4000000e-002  1.5000000e-002  1.0000000e+000
  7.0000000e+000  3.0000000e+000  2.8100000e+001  6.0000000e-001  8.1800000e+000  3.2720000e+001  6.1800000e+000  2.1400000e+000  1.6900000e-002  2.3700000e-002  2.0100000e-001  1.0000000e-002  3.4700000e-002  3.0000000e+000
  1.0000000e+001  2.0000000e+000  2.5200000e+001  1.0000000e+000  7.7600000e+000  2.5732000e+001  6.4600000e+000  8.4000000e-001  7.1600000e-002  8.5000000e-002  4.5900000e-001  1.1600000e-001  1.1000000e-002  2.0000000e+000
  4.0000000e+000  1.0000000e+000  1.9400000e+001  1.1000000e+000  8.0900000e+000  2.6740000e+001  7.5000000e+000  5.3000000e-001  3.8000000e-002  2.6000000e-002  2.8400000e-001  4.5000000e-002  1.2000000e-002  1.0000000e+000
  1.0000000e+000  2.0000000e+000  1.4400000e+001  1.0000000e+000  8.0900000e+000  2.9037000e+001  8.1600000e+000  5.8000000e-001  4.7000000e-002  1.2600000e-002  5.2200000e-001  2.2900000e-002  5.3000000e-003  1.0000000e+000
  2.0000000e+000  2.0000000e+000  1.0620000e+001  6.0000000e-001  8.1400000e+000  2.7566000e+001  9.6000000e+000  8.8800000e-001  3.7000000e-002  1.3000000e-002  5.7000000e-001  4.2000000e-002  5.5000000e-003  1.0000000e+000
  6.0000000e+000  1.0000000e+000  2.5400000e+001  1.0000000e+000  7.9600000e+000  2.9020000e+001  5.4900000e+000  7.2000000e-001  3.9000000e-002  6.4000000e-002  2.2200000e-001  6.2000000e-002  2.0000000e-002  4.0000000e+000
  7.0000000e+000  2.0000000e+000  3.0800000e+001  8.0000000e-001  7.9200000e+000  3.2164000e+001  6.3900000e+000  3.7000000e-001  3.5000000e-002  5.3000000e-002  1.8000000e-001  4.5200000e-002  1.1800000e-002  2.0000000e+000
  8.0000000e+000  3.0000000e+000  3.1200000e+001  1.0000000e+000  7.5000000e+000  2.9610000e+001  7.0400000e+000  2.7000000e-001  4.0300000e-002  9.2900000e-002  3.4600000e-001  1.1900000e-001  6.2900000e-002  1.0000000e+000
  1.2000000e+001  3.0000000e+000  1.4300000e+001  7.0000000e-001  8.2700000e+000  2.6240000e+001  7.7300000e+000  1.9000000e+000  6.2400000e-002  1.3700000e-002  6.9000000e-001  1.3500000e-001  8.5300000e+001  4.0000000e+000
  1.0000000e+000  1.0000000e+000  1.5200000e+001  1.1000000e+000  8.1000000e+000  2.8340000e+001  7.6000000e+000  3.8000000e-001  4.9000000e-002  1.2000000e-002  5.0600000e-001  4.9000000e-002  1.5000000e-002  1.0000000e+000
  1.0000000e+001  2.0000000e+000  2.5200000e+001  1.3000000e+000  7.8400000e+000  2.9193000e+001  6.3800000e+000  5.9000000e-001  5.6000000e-002  6.6700000e-002  3.4800000e-001  4.5400000e-002  6.2000000e-003  2.0000000e+000
  6.0000000e+000  1.0000000e+000  2.3600000e+001  1.0000000e+000  8.0600000e+000  3.1370000e+001  5.6400000e+000  7.2000000e-001  2.2000000e-002  3.7000000e-002  2.6300000e-001  3.2000000e-002  1.0000000e-002  2.0000000e+000
  1.0000000e+001  1.0000000e+000  2.6200000e+001  4.0000000e-001  7.8300000e+000  2.9200000e+001  5.5800000e+000  2.8000000e-001  2.4000000e-002  7.1000000e-002  3.2300000e-001  1.9000000e-002  1.9000000e-002  1.0000000e+000
  5.0000000e+000  3.0000000e+000  2.0700000e+001  1.1000000e+000  7.9000000e+000  3.0510000e+001  8.2900000e+000  3.1400000e+000  5.1600000e-002  2.3600000e-002  8.0200000e-001  1.0500000e-001  7.3200000e-002  2.0000000e+000
  5.0000000e+000  1.0000000e+000  1.9600000e+001  1.2000000e+000  8.0800000e+000  2.9400000e+001  7.1000000e+000  9.0000000e-001  6.0000000e-003  3.9000000e-002  3.5300000e-001  7.0000000e-003  1.2000000e-002  1.0000000e+000
  4.0000000e+000  3.0000000e+000  1.5900000e+001  6.0000000e-001  7.8200000e+000  2.6600000e+001  8.6000000e+000  5.7000000e-001  5.0300000e-002  2.3100000e-002  5.8000000e-001  1.0600000e-001  4.2900000e-002  1.0000000e+000
  8.0000000e+000  1.0000000e+000  2.9100000e+001  9.0000000e-001  7.9700000e+000  2.8250000e+001  5.4700000e+000  6.0000000e-001  3.3000000e-002  3.7000000e-002  1.5600000e-001  5.8000000e-002  1.3000000e-002  3.0000000e+000
  7.0000000e+000  3.0000000e+000  2.8200000e+001  7.0000000e-001  8.1200000e+000  3.2330000e+001  6.1000000e+000  1.5900000e+000  2.5600000e-002  2.5100000e-002  1.8600000e-001  9.0000000e-003  4.3900000e-002  3.0000000e+000
  4.0000000e+000  1.0000000e+000  1.5300000e+001  3.0000000e-001  7.8200000e+000  3.0140000e+001  8.4400000e+000  1.4100000e+000  4.7300000e-002  1.0400000e-002  2.8700000e-001  7.8000000e-002  5.4200000e-002  1.0000000e+000
  4.0000000e+000  1.0000000e+000  1.7300000e+001  1.2000000e+000  8.0400000e+000  3.1100000e+001  8.3600000e+000  2.1800000e+000  1.4000000e-002  1.1800000e-002  7.3000000e-002  2.3000000e-002  5.6500000e-002  1.0000000e+000
  8.0000000e+000  1.0000000e+000  2.9500000e+001  1.0000000e+000  8.0200000e+000  3.0660000e+001  5.5400000e+000  7.7000000e-001  1.4000000e-002  2.1000000e-002  1.3800000e-001  2.5000000e-002  1.0000000e-002  3.0000000e+000
  3.0000000e+000  1.0000000e+000  1.4200000e+001  8.0000000e-001  8.0700000e+000  2.9450000e+001  8.6400000e+000  8.1000000e-001  3.2000000e-002  8.0000000e-003  5.0300000e-001  3.2000000e-002  8.0000000e-003  1.0000000e+000
  1.0000000e+001  3.0000000e+000  2.4300000e+001  6.0000000e-001  8.1200000e+000  2.5070000e+001  7.1600000e+000  5.1000000e-001  4.2200000e-002  2.4100000e-002  2.7100000e-001  2.2000000e-002  3.9100000e+001  1.0000000e+000
  5.0000000e+000  1.0000000e+000  2.0800000e+001  1.2000000e+000  8.0300000e+000  2.9940000e+001  7.1800000e+000  3.9000000e-001  1.3000000e-002  3.9000000e-002  1.8500000e-001  2.9000000e-002  1.3000000e-002  1.0000000e+000
  1.0000000e+000  1.0000000e+000  1.4400000e+001  1.2000000e+000  8.1200000e+000  2.8730000e+001  8.1500000e+000  3.3000000e-001  4.3000000e-002  1.3000000e-002  4.1900000e-001  2.3000000e-002  1.4000000e-002  1.0000000e+000
  4.0000000e+000  1.0000000e+000  1.9800000e+001  1.2000000e+000  7.9000000e+000  2.3540000e+001  6.9000000e+000  5.8000000e-001  4.4000000e-002  2.3000000e-002  3.1400000e-001  6.1000000e-002  1.6000000e-002  1.0000000e+000
  4.0000000e+000  2.0000000e+000  1.6600000e+001  5.0000000e-001  8.0100000e+000  2.9532000e+001  7.8700000e+000  7.7000000e-001  4.0000000e-002  1.5000000e-002  3.6100000e-001  5.1000000e-002  2.7100000e-002  1.0000000e+000
  4.0000000e+000  1.0000000e+000  2.1100000e+001  1.1000000e+000  8.0200000e+000  2.3560000e+001  7.6200000e+000  5.5000000e-001  4.2000000e-002  2.4000000e-002  3.1700000e-001  5.6000000e-002  1.1000000e-002  1.0000000e+000
  1.0000000e+001  1.0000000e+000  2.6800000e+001  3.0000000e-001  7.7400000e+000  2.5400000e+001  4.9900000e+000  2.5000000e-001  2.5000000e-002  6.4000000e-002  3.1200000e-001  2.0000000e-002  1.8000000e-002  1.0000000e+000
  1.0000000e+000  2.0000000e+000  1.3800000e+001  1.5000000e+000  7.9600000e+000  2.7564000e+001  7.8400000e+000  6.2000000e-001  7.5000000e-002  2.6700000e-002  6.4100000e-001  1.0900000e-001  1.4300000e-002  1.0000000e+000
  4.0000000e+000  2.0000000e+000  1.6000000e+001  1.6000000e+000  7.9900000e+000  3.0093000e+001  8.0600000e+000  3.1800000e-001  3.3000000e-002  1.6000000e-002  5.1000000e-001  8.8000000e-002  2.4800000e-002  1.0000000e+000
  4.0000000e+000  1.0000000e+000  1.4800000e+001  5.0000000e-001  7.7900000e+000  3.2220000e+001  8.5000000e+000  5.8000000e-001  3.3600000e-002  9.4000000e-003  2.5200000e-001  5.3000000e-002  6.3300000e-002  1.0000000e+000
  8.0000000e+000  1.0000000e+000  2.8800000e+001  1.0000000e+000  8.0400000e+000  3.1170000e+001  5.3500000e+000  6.2000000e-001  1.1000000e-002  2.5000000e-002  1.0500000e-001  1.5000000e-002  1.0000000e-002  3.0000000e+000
  7.0000000e+000  3.0000000e+000  2.7500000e+001  7.0000000e-001  8.2200000e+000  3.4000000e+001  6.5700000e+000  2.0000000e+000  1.0300000e-002  2.0600000e-002  9.0000000e-002  9.0000000e-003  4.3900000e-002  3.0000000e+000
  8.0000000e+000  1.0000000e+000  6.0000000e+000  8.0000000e-001  7.9500000e+000  3.3240000e+001  5.3400000e+000  2.9000000e-001  3.2000000e-002  5.6000000e-002  1.0700000e-001  2.2000000e-002  2.4000000e-002  2.0000000e+000
  5.0000000e+000  1.0000000e+000  2.1000000e+001  9.0000000e-001  8.0100000e+000  2.7480000e+001  7.0800000e+000  5.4000000e-001  4.2000000e-002  4.4000000e-002  4.0900000e-001  7.8000000e-002  1.2000000e-002  1.0000000e+000
  9.0000000e+000  3.0000000e+000  2.8300000e+001  5.0000000e-001  8.3000000e+000  2.3390000e+001  6.2300000e+000  2.1800000e+000  4.4900000e-002  2.4200000e-002  2.8400000e-001  1.4000000e-002  5.8900000e+001  1.0000000e+000
  8.0000000e+000  2.0000000e+000  2.7600000e+001  7.0000000e-001  7.9900000e+000  3.0050000e+001  5.7600000e+000  9.5000000e-002  3.0000000e-002  2.4500000e-002  1.9500000e-001  2.0400000e-002  1.3800000e-002  2.0000000e+000
  7.0000000e+000  1.0000000e+000  2.9000000e+001  1.0000000e+000  7.9500000e+000  3.1450000e+001  5.4900000e+000  5.1000000e-001  3.4000000e-002  2.2000000e-002  1.1000000e-001  4.5000000e-002  1.1000000e-002  3.0000000e+000
  5.0000000e+000  3.0000000e+000  2.0600000e+001  1.5000000e+000  8.4900000e+000  2.9750000e+001  8.9000000e+000  1.6300000e+000  4.4000000e-003  2.5000000e-003  3.2000000e-002  1.7000000e-002  6.5900000e-002  1.0000000e+000
  9.0000000e+000  3.0000000e+000  2.8100000e+001  5.0000000e-001  8.3400000e+000  2.6500000e+001  6.2400000e+000  1.7500000e+000  3.2800000e-002  1.0800000e-002  2.2300000e-001  1.7000000e-002  1.4300000e+001  1.0000000e+000
  5.0000000e+000  2.0000000e+000  2.2400000e+001  4.0000000e-001  8.0900000e+000  2.8230000e+001  7.0500000e+000  1.1400000e+000  6.3700000e-002  1.6700000e-002  2.5600000e-001  1.3300000e-001  1.2600000e-002  1.0000000e+000
  9.0000000e+000  1.0000000e+000  2.9000000e+001  8.0000000e-001  7.9100000e+000  2.8280000e+001  4.8700000e+000  6.3000000e-001  4.9000000e-002  3.0000000e-002  2.0600000e-001  9.0000000e-003  1.4000000e-002  1.0000000e+000
  6.0000000e+000  2.0000000e+000  2.1800000e+001  1.7000000e+000  8.0800000e+000  2.8758000e+001  8.3400000e+000  6.1400000e-001  3.1000000e-002  4.2000000e-002  6.3000000e-001  1.4000000e-002  3.0300000e-002  1.0000000e+000
  6.0000000e+000  2.0000000e+000  2.0800000e+001  2.0000000e+000  8.0100000e+000  2.9660000e+001  7.5000000e+000  5.6600000e-001  3.1000000e-002  4.1000000e-002  5.6000000e-001  3.2000000e-002  2.0000000e-002  1.0000000e+000
  6.0000000e+000  2.0000000e+000  2.5200000e+001  5.0000000e-001  7.9800000e+000  2.7830000e+001  7.2100000e+000  4.8500000e-001  5.6000000e-002  2.5000000e-002  6.0000000e-001  2.5000000e-002  2.0600000e-001  1.0000000e+000
  7.0000000e+000  2.0000000e+000  2.6920000e+001  1.9000000e+000  7.8800000e+000  3.0529000e+001  5.0400000e+000  5.5000000e-001  3.7000000e-002  5.9800000e-002  1.7200000e-001  4.0200000e-002  1.4900000e-002  2.0000000e+000
  8.0000000e+000  2.0000000e+000  2.9200000e+001  6.0000000e-001  7.9400000e+000  2.5637000e+001  6.0300000e+000  5.7000000e-001  3.9000000e-002  4.4600000e-002  2.5600000e-001  3.6000000e-002  1.8300000e-002  2.0000000e+000
  1.1000000e+001  3.0000000e+000  2.3000000e+001  1.0000000e+000  8.2200000e+000  2.1120000e+001  6.4800000e+000  9.1000000e-001  7.0100000e-002  5.0000000e-002  3.0000000e-001  5.2000000e-002  1.4500000e+001  4.0000000e+000
  7.0000000e+000  1.0000000e+000  2.8600000e+001  8.0000000e-001  7.9100000e+000  3.0240000e+001  5.2800000e+000  7.4000000e-001  3.6000000e-002  5.8000000e-002  1.1900000e-001  3.9000000e-002  1.3000000e-002  3.0000000e+000
  1.0000000e+001  2.0000000e+000  2.6600000e+001  1.4000000e+000  7.5900000e+000  2.3863000e+001  4.8400000e+000  9.0000000e-001  7.5500000e-002  9.0200000e-002  4.6700000e-001  1.7700000e-001  1.7800000e-002  2.0000000e+000
  9.0000000e+000  2.0000000e+000  2.9200000e+001  6.0000000e-001  7.7300000e+000  2.8991000e+001  5.5200000e+000  5.7000000e-001  5.4000000e-002  5.6800000e-002  2.6600000e-001  1.1200000e-001  1.2100000e-002  1.0000000e+000
  6.0000000e+000  2.0000000e+000  2.5400000e+001  2.0000000e+000  7.8400000e+000  2.9734000e+001  5.6200000e+000  5.9000000e-001  4.4400000e-002  1.3100000e-001  2.4300000e-001  1.3100000e-001  1.3700000e-002  2.0000000e+000
  3.0000000e+000  3.0000000e+000  1.4200000e+001  1.0000000e+000  8.1100000e+000  2.6940000e+001  8.8300000e+000  1.8000000e-001  4.0600000e-002  1.1600000e-002  3.1000000e-001  3.7000000e-002  4.1500000e-002  1.0000000e+000
  4.0000000e+000  2.0000000e+000  1.7600000e+001  1.2000000e+000  7.9500000e+000  2.8120000e+001  7.5700000e+000  9.6300000e-001  4.0000000e-002  1.6000000e-002  3.7600000e-001  7.9000000e-002  1.3900000e-002  1.0000000e+000
  1.0000000e+000  1.0000000e+000  1.4400000e+001  7.0000000e-001  8.0200000e+000  2.5470000e+001  8.4000000e+000  5.6000000e-001  6.8000000e-002  2.7000000e-002  5.5900000e-001  5.9000000e-002  1.2000000e-002  1.0000000e+000
  8.0000000e+000  1.0000000e+000  3.0600000e+001  8.0000000e-001  7.8400000e+000  3.3160000e+001  7.6800000e+000  1.6500000e+000  2.7900000e-002  6.3500000e-002  9.5000000e-002  1.0000000e-003  5.8400000e-002  2.0000000e+000
  6.0000000e+000  1.0000000e+000  2.5600000e+001  1.2000000e+000  7.9700000e+000  2.9270000e+001  5.4100000e+000  4.6000000e-001  5.1000000e-002  9.5000000e-002  2.0100000e-001  5.5000000e-002  1.2000000e-002  4.0000000e+000
  1.0000000e+000  2.0000000e+000  1.2200000e+001  5.0000000e-001  8.0100000e+000  2.7731000e+001  8.4200000e+000  7.8000000e-001  8.8800000e-002  1.8500000e-002  5.8300000e-001  1.1700000e-001  1.0800000e-002  1.0000000e+000
  7.0000000e+000  1.0000000e+000  2.8800000e+001  8.0000000e-001  7.8600000e+000  2.9280000e+001  5.1900000e+000  5.7000000e-001  5.5000000e-002  5.4000000e-002  2.0000000e-001  3.0000000e-002  1.3000000e-002  3.0000000e+000
  6.0000000e+000  1.0000000e+000  2.5600000e+001  1.0000000e+000  8.0000000e+000  3.0150000e+001  5.7800000e+000  3.4000000e-001  3.6000000e-002  5.7000000e-002  1.9700000e-001  5.2000000e-002  1.4000000e-002  4.0000000e+000
  5.0000000e+000  3.0000000e+000  1.9100000e+001  1.2000000e+000  8.0100000e+000  3.1740000e+001  8.5100000e+000  2.9400000e+000  1.3400000e-002  1.8000000e-002  4.6100000e-001  8.0000000e-003  9.2700000e-002  2.0000000e+000
  5.0000000e+000  3.0000000e+000  2.0800000e+001  1.5000000e+000  8.3300000e+000  2.9280000e+001  8.6200000e+000  1.6000000e+000  4.4000000e-003  4.8000000e-003  1.0400000e-001  1.4000000e-002  1.5900000e-002  1.0000000e+000
  7.0000000e+000  3.0000000e+000  3.0500000e+001  1.0000000e+000  7.8800000e+000  2.5330000e+001  6.2600000e+000  1.5800000e+000  5.7200000e-002  9.7800000e-002  3.6900000e-001  2.0000000e-003  4.1600000e-002  3.0000000e+000
  1.0000000e+001  3.0000000e+000  2.4100000e+001  8.0000000e-001  7.9600000e+000  2.5670000e+001  6.8200000e+000  5.6000000e-001  3.6000000e-002  1.5900000e-002  2.8600000e-001  4.0000000e-003  2.1700000e+001  1.0000000e+000
  1.0000000e+000  2.0000000e+000  1.3800000e+001  4.0000000e-001  8.0800000e+000  2.8298000e+001  8.4400000e+000  7.6000000e-001  6.4200000e-002  1.7500000e-002  5.7700000e-001  6.8700000e-002  9.7000000e-003  1.0000000e+000
  3.0000000e+000  2.0000000e+000  1.2800000e+001  1.0000000e+000  8.1000000e+000  3.0080000e+001  8.7600000e+000  4.3000000e-001  2.6000000e-002  9.4000000e-003  3.6400000e-001  1.9000000e-002  7.1000000e-003  1.0000000e+000
  6.0000000e+000  2.0000000e+000  2.5600000e+001  6.0000000e-001  7.9000000e+000  2.9727000e+001  6.6000000e+000  8.3900000e-001  5.0800000e-002  1.2500000e-001  2.5000000e-001  1.0100000e-001  1.3200000e-002  2.0000000e+000
  9.0000000e+000  1.0000000e+000  2.9200000e+001  1.2000000e+000  7.8700000e+000  2.8850000e+001  4.9100000e+000  3.5000000e-001  5.7000000e-002  5.4000000e-002  1.9800000e-001  6.0000000e-003  1.3000000e-002  1.0000000e+000
  2.0000000e+000  1.0000000e+000  9.8000000e+000  7.0000000e-001  8.1200000e+000  2.8310000e+001  9.4100000e+000  4.9000000e-001  5.7000000e-002  1.1000000e-002  4.7100000e-001  3.5000000e-002  9.0000000e-003  1.0000000e+000
  9.0000000e+000  1.0000000e+000  2.8800000e+001  1.4000000e+000  7.9400000e+000  3.0790000e+001  4.9200000e+000  7.6000000e-001  3.6000000e-002  1.9000000e-002  9.5000000e-002  1.7000000e-002  1.2000000e-002  1.0000000e+000
  9.0000000e+000  1.0000000e+000  2.8600000e+001  1.3000000e+000  7.9400000e+000  3.0510000e+001  5.0100000e+000  3.7000000e-001  4.0000000e-002  1.4000000e-002  1.2800000e-001  1.0000000e-002  1.3000000e-002  1.0000000e+000
  1.0000000e+000  1.0000000e+000  1.4400000e+001  7.0000000e-001  8.0300000e+000  2.4290000e+001  7.8200000e+000  4.8000000e-001  7.5000000e-002  2.9000000e-002  5.7000000e-001  5.8000000e-002  1.4000000e-002  1.0000000e+000
  6.0000000e+000  3.0000000e+000  2.4300000e+001  1.5000000e+000  7.8200000e+000  2.8570000e+001  9.4800000e+000  1.1400000e+000  5.2500000e-002  4.3500000e-002  3.2000000e-001  1.0800000e-001  9.0300000e-002  3.0000000e+000
  8.0000000e+000  3.0000000e+000  2.7900000e+001  8.0000000e-001  7.8000000e+000  3.4100000e+001  7.2900000e+000  1.3100000e+000  8.5000000e-003  2.3900000e-002  1.3100000e-001  1.0000000e-002  1.3480000e-001  1.0000000e+000
  2.0000000e+000  2.0000000e+000  9.6200000e+000  4.5000000e-001  8.1400000e+000  2.8564000e+001  9.7000000e+000  6.5000000e-001  3.5000000e-002  6.3000000e-003  5.6300000e-001  2.5000000e-002  1.2100000e-002  1.0000000e+000
  3.0000000e+000  1.0000000e+000  1.5200000e+001  7.0000000e-001  7.8400000e+000  2.9840000e+001  7.7000000e+000  9.9000000e-001  1.4300000e-002  2.6000000e-003  7.7000000e-002  3.4000000e-002  3.4000000e-002  1.0000000e+000
  5.0000000e+000  2.0000000e+000  2.1600000e+001  6.0000000e-001  7.9700000e+000  2.7399000e+001  6.8800000e+000  8.4300000e-001  6.2900000e-002  2.6000000e-002  3.6100000e-001  1.4900000e-001  1.1200000e-002  1.0000000e+000
  1.0000000e+001  2.0000000e+000  2.6200000e+001  1.5000000e+000  7.7800000e+000  2.8700000e+001  6.2800000e+000  5.6000000e-001  6.4600000e-002  7.9900000e-002  3.8300000e-001  6.8900000e-002  1.2000000e-002  2.0000000e+000
  1.0000000e+000  1.0000000e+000  1.4200000e+001  8.0000000e-001  8.0800000e+000  2.6030000e+001  8.1300000e+000  5.7000000e-001  5.7000000e-002  1.6000000e-002  5.3100000e-001  2.1000000e-002  1.2000000e-002  1.0000000e+000
  8.0000000e+000  1.0000000e+000  3.0000000e+001  9.0000000e-001  8.0600000e+000  3.0270000e+001  5.8400000e+000  7.8000000e-001  1.0000000e-002  1.1000000e-002  1.0500000e-001  2.7000000e-002  1.0000000e-002  3.0000000e+000
  9.0000000e+000  3.0000000e+000  2.8500000e+001  6.0000000e-001  8.2500000e+000  1.6890000e+001  5.9800000e+000  2.3700000e+000  4.3200000e-002  3.4900000e-002  4.7400000e-001  4.7000000e-002  8.7500000e+001  1.0000000e+000
  3.0000000e+000  1.0000000e+000  1.5600000e+001  1.0000000e+000  8.0500000e+000  2.4060000e+001  9.0000000e+000  9.6000000e-001  5.1000000e-002  1.9000000e-002  5.3100000e-001  4.0000000e-002  1.1000000e-002  1.0000000e+000
  1.0000000e+001  1.0000000e+000  2.6400000e+001  4.0000000e-001  8.0100000e+000  2.8950000e+001  5.7600000e+000  3.4000000e-001  2.2000000e-002  2.0000000e-002  2.6800000e-001  1.5000000e-002  1.8000000e-002  1.0000000e+000
  1.1000000e+001  1.0000000e+000  2.5300000e+001  1.0000000e+000  7.9300000e+000  2.8150000e+001  5.1600000e+000  2.7000000e-001  5.7000000e-002  3.0000000e-002  3.2600000e-001  2.6000000e-002  1.1000000e-002  4.0000000e+000
  1.2000000e+001  3.0000000e+000  1.4600000e+001  8.0000000e-001  8.3400000e+000  2.5410000e+001  7.9400000e+000  2.3900000e+000  4.8500000e-002  7.9000000e-003  6.3400000e-001  1.3400000e-001  7.8200000e+001  4.0000000e+000
  4.0000000e+000  3.0000000e+000  1.4200000e+001  4.0000000e-001  7.9900000e+000  3.0560000e+001  8.5400000e+000  2.2000000e-001  3.6900000e-002  9.7000000e-003  6.6600000e-001  1.9000000e-002  5.6500000e-002  1.0000000e+000
  3.0000000e+000  2.0000000e+000  1.5200000e+001  1.3000000e+000  7.8600000e+000  2.6931000e+001  7.4600000e+000  7.4100000e-001  5.8000000e-002  2.4000000e-002  5.2000000e-001  1.2000000e-001  8.0600000e-002  1.0000000e+000
  1.0000000e+000  1.0000000e+000  1.4800000e+001  8.0000000e-001  8.0400000e+000  2.5340000e+001  7.9000000e+000  5.6000000e-001  7.1000000e-002  2.2000000e-002  5.6500000e-001  5.5000000e-002  1.1000000e-002  1.0000000e+000
  4.0000000e+000  1.0000000e+000  1.5800000e+001  5.0000000e-001  8.0800000e+000  2.9570000e+001  8.2500000e+000  1.2200000e+000  2.6000000e-002  1.6000000e-002  4.2600000e-001  4.9000000e-002  1.3000000e-002  1.0000000e+000
  4.0000000e+000  2.0000000e+000  1.7000000e+001  7.0000000e-001  8.0200000e+000  2.9847000e+001  8.6200000e+000  7.4000000e-001  2.9000000e-002  1.5000000e-002  3.7800000e-001  2.4000000e-002  5.5000000e-003  1.0000000e+000
  8.0000000e+000  3.0000000e+000  2.9100000e+001  1.5000000e+000  8.1600000e+000  1.9260000e+001  6.6800000e+000  1.8600000e+000  3.6200000e-002  3.9100000e-002  3.9000000e-001  6.0000000e-003  3.9500000e+001  3.0000000e+000
  1.2000000e+001  1.0000000e+000  1.8000000e+001  8.0000000e-001  8.1100000e+000  2.8030000e+001  7.2900000e+000  3.6000000e-001  6.1000000e-002  2.2000000e-002  3.8200000e-001  6.0000000e-003  1.1000000e-002  3.0000000e+000
  1.0000000e+000  2.0000000e+000  1.5200000e+001  1.2000000e+000  8.0100000e+000  2.8293000e+001  7.8800000e+000  4.4000000e-001  5.5000000e-002  1.9000000e-002  6.1600000e-001  2.3700000e-002  5.1000000e-003  1.0000000e+000
  6.0000000e+000  1.0000000e+000  2.4300000e+001  7.0000000e-001  8.0300000e+000  2.5860000e+001  5.7700000e+000  1.5000000e+000  2.6000000e-002  3.8000000e-002  3.4500000e-001  5.8000000e-002  1.0000000e-002  2.0000000e+000
  7.0000000e+000  3.0000000e+000  2.8800000e+001  1.0000000e+000  7.9300000e+000  2.7560000e+001  6.1000000e+000  1.4400000e+000  4.9200000e-002  9.5900000e-002  3.0700000e-001  7.0000000e-003  2.7700000e-002  3.0000000e+000
  1.0000000e+001  2.0000000e+000  2.6000000e+001  1.5000000e+000  7.8400000e+000  2.6190000e+001  6.0700000e+000  7.4000000e-001  6.6800000e-002  9.4500000e-002  4.2300000e-001  1.1200000e-001  1.3000000e-002  2.0000000e+000
  8.0000000e+000  1.0000000e+000  2.9500000e+001  1.0000000e+000  7.9400000e+000  2.2830000e+001  5.5400000e+000  8.5000000e-001  1.4000000e-002  3.3000000e-002  2.4800000e-001  5.1000000e-002  1.2000000e-002  3.0000000e+000
  4.0000000e+000  3.0000000e+000  1.7300000e+001  1.0000000e+000  7.5900000e+000  2.5110000e+001  8.4600000e+000  1.2400000e+000  5.0600000e-002  2.6300000e-002  4.8200000e-001  1.0600000e-001  4.9700000e-002  1.0000000e+000
  2.0000000e+000  1.0000000e+000  1.0800000e+001  5.0000000e-001  8.0700000e+000  2.6190000e+001  9.1300000e+000  1.3700000e+000  5.1000000e-002  9.0000000e-003  5.0200000e-001  4.6000000e-002  1.1000000e-002  1.0000000e+000
  5.0000000e+000  1.0000000e+000  2.2400000e+001  8.0000000e-001  8.1200000e+000  3.0250000e+001  8.7800000e+000  2.1200000e+000  2.1100000e-002  1.5500000e-002  2.7800000e-001  1.3000000e-002  7.5600000e-002  1.0000000e+000
  1.2000000e+001  2.0000000e+000  1.8000000e+001  1.7000000e+000  8.0800000e+000  2.8526000e+001  7.4300000e+000  5.7000000e-001  9.3700000e-002  3.4500000e-002  4.6500000e-001  8.5200000e-002  1.5800000e-002  1.0000000e+000
  1.1000000e+001  2.0000000e+000  2.1800000e+001  6.0000000e-001  7.9500000e+000  2.8525000e+001  6.5800000e+000  6.5600000e-001  7.3000000e-002  6.7600000e-002  5.4500000e-001  5.4000000e-002  5.7000000e-003  1.0000000e+000
  1.0000000e+000  2.0000000e+000  1.3900000e+001  1.2000000e+000  8.0400000e+000  2.8204000e+001  7.8900000e+000  5.8000000e-001  5.3000000e-002  1.7000000e-002  6.8200000e-001  3.9800000e-002  8.1000000e-003  1.0000000e+000
  1.0000000e+000  2.0000000e+000  1.1600000e+001  6.0000000e-001  8.1400000e+000  2.7447000e+001  9.1400000e+000  8.4800000e-001  5.7000000e-002  1.4900000e-002  3.8300000e-001  3.6800000e-002  1.0900000e-002  1.0000000e+000
  8.0000000e+000  1.0000000e+000  2.9700000e+001  6.0000000e-001  7.8800000e+000  2.9600000e+001  5.5700000e+000  5.7000000e-001  4.6000000e-002  6.1000000e-002  1.3600000e-001  7.5000000e-002  1.9000000e-002  2.0000000e+000
  3.0000000e+000  3.0000000e+000  1.4800000e+001  1.2000000e+000  8.1400000e+000  2.7900000e+001  8.8100000e+000  0.0000000e+000  4.1800000e-002  1.3800000e-002  3.2000000e-001  1.0500000e-001  6.7900000e-002  1.0000000e+000
  8.0000000e+000  3.0000000e+000  2.8300000e+001  1.5000000e+000  8.2800000e+000  2.8120000e+001  6.7500000e+000  1.8900000e+000  2.9000000e-002  2.0200000e-002  9.8000000e-002  5.0000000e-003  1.6300000e+001  3.0000000e+000
  4.0000000e+000  1.0000000e+000  2.0300000e+001  1.1000000e+000  8.1300000e+000  2.8660000e+001  7.9000000e+000  3.9000000e-001  2.0000000e-002  1.9000000e-002  2.5200000e-001  2.0000000e-002  1.2000000e-002  1.0000000e+000
  8.0000000e+000  1.0000000e+000  2.7800000e+001  6.0000000e-001  7.7400000e+000  3.1650000e+001  8.1800000e+000  7.8000000e-001  2.8900000e-002  3.9000000e-002  3.4000000e-002  1.2500000e-001  4.7200000e-002  2.0000000e+000
  5.0000000e+000  1.0000000e+000  2.0800000e+001  1.0000000e+000  8.1100000e+000  3.0280000e+001  7.1800000e+000  3.5000000e-001  1.0000000e-002  5.0000000e-003  1.9200000e-001  2.6000000e-002  1.3000000e-002  1.0000000e+000
  9.0000000e+000  1.0000000e+000  2.9000000e+001  1.0000000e+000  7.9300000e+000  2.6680000e+001  5.2900000e+000  5.3000000e-001  4.1000000e-002  2.1000000e-002  2.0100000e-001  9.0000000e-003  1.5000000e-002  1.0000000e+000
  7.0000000e+000  2.0000000e+000  2.7800000e+001  1.2000000e+000  7.8900000e+000  3.1250000e+001  5.6500000e+000  4.4000000e-001  3.7000000e-002  6.0700000e-002  1.9800000e-001  3.4800000e-002  8.1000000e-003  2.0000000e+000
  1.0000000e+001  2.0000000e+000  2.6300000e+001  1.8000000e+000  7.7300000e+000  2.6614000e+001  5.6800000e+000  7.0000000e-001  6.6000000e-002  9.0600000e-002  4.5800000e-001  1.2900000e-001  1.7700000e-002  2.0000000e+000
  2.0000000e+000  2.0000000e+000  1.0280000e+001  5.5000000e-001  8.1400000e+000  2.8251000e+001  9.6600000e+000  8.8000000e-001  3.8000000e-002  9.0000000e-003  5.5500000e-001  2.3000000e-002  1.0900000e-002  1.0000000e+000
  5.0000000e+000  2.0000000e+000  2.5200000e+001  5.0000000e-001  7.9800000e+000  2.7830000e+001  7.2100000e+000  4.8500000e-001  5.6000000e-002  2.5000000e-002  6.0000000e-001  2.5000000e-002  2.0600000e-001  1.0000000e+000
  8.0000000e+000  3.0000000e+000  2.8400000e+001  1.5000000e+000  8.3300000e+000  2.8760000e+001  6.8600000e+000  1.8400000e+000  2.4900000e-002  2.0000000e-002  9.7000000e-002  1.0000000e-003  3.7200000e+001  3.0000000e+000
  8.0000000e+000  3.0000000e+000  2.8700000e+001  1.2000000e+000  8.2800000e+000  2.6160000e+001  6.8200000e+000  1.9200000e+000  2.9900000e-002  2.4700000e-002  3.7800000e-001  1.0000000e-003  3.7200000e+001  3.0000000e+000
  8.0000000e+000  1.0000000e+000  2.7600000e+001  1.1000000e+000  8.0200000e+000  3.1520000e+001  4.9200000e+000  6.9000000e-001  1.1000000e-002  3.4000000e-002  1.3900000e-001  3.1000000e-002  1.1000000e-002  3.0000000e+000
  6.0000000e+000  2.0000000e+000  2.2200000e+001  2.0000000e+000  8.0300000e+000  2.9236000e+001  7.7800000e+000  5.6600000e-001  3.5000000e-002  4.1000000e-002  6.6000000e-001  3.6000000e-002  2.8700000e-002  1.0000000e+000
  8.0000000e+000  3.0000000e+000  2.8300000e+001  1.5000000e+000  8.2300000e+000  3.0230000e+001  6.6500000e+000  1.8400000e+000  1.4800000e-002  1.3400000e-002  9.7000000e-002  3.0000000e-003  3.4900000e+001  3.0000000e+000
  6.0000000e+000  1.0000000e+000  2.4100000e+001  1.3000000e+000  8.1500000e+000  3.0200000e+001  1.2840000e+001  1.7800000e+000  3.9000000e-003  6.0000000e-004  1.4000000e-002  1.0000000e-003  5.5900000e-002  2.0000000e+000
  5.0000000e+000  3.0000000e+000  2.0900000e+001  1.2000000e+000  7.8500000e+000  3.0050000e+001  8.6800000e+000  2.5400000e+000  5.0100000e-002  2.2900000e-002  7.6300000e-001  8.7000000e-002  6.5900000e-002  2.0000000e+000
  6.0000000e+000  2.0000000e+000  2.5600000e+001  7.0000000e-001  7.7600000e+000  2.8737000e+001  5.3800000e+000  8.1600000e-001  6.0500000e-002  1.1200000e-001  3.0100000e-001  1.5800000e-001  1.9700000e-002  2.0000000e+000
  8.0000000e+000  1.0000000e+000  2.9600000e+001  1.0000000e+000  7.9400000e+000  3.1260000e+001  5.4800000e+000  4.2000000e-001  1.1000000e-002  6.3000000e-002  7.4000000e-002  4.2000000e-002  2.9000000e-002  2.0000000e+000
  1.0000000e+000  1.0000000e+000  1.4200000e+001  9.0000000e-001  8.1300000e+000  2.8730000e+001  8.1800000e+000  8.0000000e-001  5.0000000e-002  1.0000000e-002  4.7800000e-001  2.4000000e-002  1.1000000e-002  1.0000000e+000
  4.0000000e+000  3.0000000e+000  1.8100000e+001  1.5000000e+000  8.1400000e+000  2.5930000e+001  8.0000000e+000  1.7500000e+000  4.1200000e-002  1.9400000e-002  5.4800000e-001  3.0000000e-003  1.9900000e-002  1.0000000e+000
  1.0000000e+001  2.0000000e+000  2.5800000e+001  9.0000000e-001  7.6600000e+000  2.2415000e+001  5.7200000e+000  9.3000000e-001  7.3300000e-002  8.7400000e-002  4.9900000e-001  1.8400000e-001  1.8300000e-002  2.0000000e+000
  7.0000000e+000  1.0000000e+000  2.8200000e+001  7.0000000e-001  7.9200000e+000  2.9800000e+001  5.0600000e+000  4.6000000e-001  5.7000000e-002  3.1000000e-002  1.8400000e-001  4.0000000e-002  1.5000000e-002  3.0000000e+000
  5.0000000e+000  1.0000000e+000  2.0400000e+001  1.1000000e+000  8.0500000e+000  2.9420000e+001  7.4600000e+000  6.0000000e-001  1.9000000e-002  4.2000000e-002  1.6500000e-001  8.0000000e-003  1.6000000e-002  1.0000000e+000
  1.2000000e+001  3.0000000e+000  1.4700000e+001  1.5000000e+000  8.3600000e+000  2.4050000e+001  7.5600000e+000  2.8300000e+000  4.0900000e-002  3.7000000e-003  5.8100000e-001  7.8000000e-002  5.6900000e+001  4.0000000e+000
  1.2000000e+001  2.0000000e+000  1.8200000e+001  2.0000000e+000  8.1000000e+000  2.8537000e+001  7.6000000e+000  4.9100000e-001  8.0600000e-002  3.0200000e-002  4.7100000e-001  4.3900000e-002  2.0100000e-002  1.0000000e+000
  9.0000000e+000  2.0000000e+000  2.9200000e+001  1.2000000e+000  7.7700000e+000  3.0118000e+001  5.0100000e+000  3.7000000e-001  4.7000000e-002  7.1300000e-002  2.5100000e-001  7.2000000e-002  9.5000000e-003  1.0000000e+000
  4.0000000e+000  1.0000000e+000  1.5800000e+001  8.0000000e-001  8.1000000e+000  2.9870000e+001  8.1700000e+000  1.3000000e+000  3.0000000e-002  1.7000000e-002  4.2000000e-001  1.6000000e-002  1.3000000e-002  1.0000000e+000
  5.0000000e+000  2.0000000e+000  2.0500000e+001  8.0000000e-001  8.1200000e+000  3.0031000e+001  7.5000000e+000  8.2700000e-001  3.0000000e-002  2.4400000e-002  2.2800000e-001  7.9900000e-002  8.4000000e-003  1.0000000e+000
  3.0000000e+000  1.0000000e+000  1.3700000e+001  4.0000000e-001  8.0500000e+000  2.8070000e+001  8.4000000e+000  7.2000000e-001  4.8000000e-002  1.1000000e-002  3.5900000e-001  6.7000000e-002  1.4000000e-002  1.0000000e+000
  4.0000000e+000  2.0000000e+000  1.5000000e+001  9.0000000e-001  8.0500000e+000  3.0114000e+001  8.2400000e+000  6.7000000e-001  2.7000000e-002  1.5000000e-002  3.8300000e-001  1.4000000e-002  4.0000000e-003  1.0000000e+000
  8.0000000e+000  2.0000000e+000  2.8200000e+001  7.0000000e-001  8.0000000e+000  2.9071000e+001  6.1400000e+000  5.7000000e-001  3.0000000e-002  3.9400000e-002  2.3300000e-001  2.0100000e-002  5.7000000e-003  2.0000000e+000
  4.0000000e+000  2.0000000e+000  1.6200000e+001  1.5000000e+000  7.9800000e+000  2.9870000e+001  8.2300000e+000  3.9800000e-001  3.7000000e-002  2.1000000e-002  5.0000000e-001  1.0000000e-001  3.1800000e-002  1.0000000e+000
  3.0000000e+000  3.0000000e+000  1.5700000e+001  1.0000000e+000  8.0100000e+000  2.7940000e+001  8.7400000e+000  0.0000000e+000  4.2400000e-002  1.4800000e-002  3.0900000e-001  9.7000000e-002  8.4900000e-002  1.0000000e+000
  3.0000000e+000  2.0000000e+000  1.3100000e+001  9.0000000e-001  8.1100000e+000  2.9913000e+001  8.9400000e+000  4.8000000e-001  2.7000000e-002  9.5000000e-003  3.5800000e-001  2.3000000e-002  7.9000000e-003  1.0000000e+000
  6.0000000e+000  2.0000000e+000  2.5600000e+001  1.9000000e+000  7.7500000e+000  2.8105000e+001  5.3100000e+000  7.3000000e-001  5.5400000e-002  9.9400000e-002  3.4100000e-001  1.5700000e-001  1.7900000e-002  2.0000000e+000
  1.0000000e+001  1.0000000e+000  2.7000000e+001  3.0000000e-001  7.9500000e+000  2.4100000e+001  5.5600000e+000  2.4000000e-001  3.7000000e-002  2.3000000e-002  3.2200000e-001  1.8000000e-002  1.6000000e-002  1.0000000e+000
  2.0000000e+000  2.0000000e+000  1.0200000e+001  3.5000000e-001  8.1600000e+000  2.8253000e+001  9.7500000e+000  4.2000000e-001  5.3000000e-002  1.3000000e-002  5.2700000e-001  2.9000000e-002  1.1300000e-002  1.0000000e+000
  5.0000000e+000  2.0000000e+000  2.3400000e+001  1.4000000e+000  8.1200000e+000  2.7137000e+001  8.7500000e+000  1.2700000e+000  3.0000000e-002  4.3000000e-002  8.2000000e-001  1.8000000e-002  5.2000000e-002  1.0000000e+000
  8.0000000e+000  3.0000000e+000  2.8200000e+001  1.0000000e+000  7.7400000e+000  3.3760000e+001  7.3800000e+000  5.3000000e-001  2.3000000e-002  5.2200000e-002  1.6200000e-001  1.5000000e-002  1.6850000e-001  1.0000000e+000
  2.0000000e+000  1.0000000e+000  1.0800000e+001  8.0000000e-001  8.1300000e+000  2.7910000e+001  9.4400000e+000  2.8000000e-001  4.5000000e-002  1.0000000e-002  3.6300000e-001  4.6000000e-002  9.0000000e-003  1.0000000e+000
  9.0000000e+000  2.0000000e+000  2.9100000e+001  1.3000000e+000  7.7000000e+000  2.8547000e+001  5.1700000e+000  5.8000000e-001  5.1000000e-002  4.9300000e-002  2.5900000e-001  1.1200000e-001  1.1300000e-002  1.0000000e+000
